/*
Copyright (c) 2015, Cisco Systems
All rights reserved.

Redistribution and use in source and binary forms, with or without modification,
are permitted provided that the following conditions are met:

* Redistributions of source code must retain the above copyright notice, this
  list of conditions and the following disclaimer.

* Redistributions in binary form must reproduce the above copyright notice, this
  list of conditions and the following disclaimer in the documentation and/or
  other materials provided with the distribution.

THIS SOFTWARE IS PROVIDED BY THE COPYRIGHT HOLDERS AND CONTRIBUTORS "AS IS" AND
ANY EXPRESS OR IMPLIED WARRANTIES, INCLUDING, BUT NOT LIMITED TO, THE IMPLIED
WARRANTIES OF MERCHANTABILITY AND FITNESS FOR A PARTICULAR PURPOSE ARE
DISCLAIMED. IN NO EVENT SHALL THE COPYRIGHT HOLDER OR CONTRIBUTORS BE LIABLE FOR
ANY DIRECT, INDIRECT, INCIDENTAL, SPECIAL, EXEMPLARY, OR CONSEQUENTIAL DAMAGES
(INCLUDING, BUT NOT LIMITED TO, PROCUREMENT OF SUBSTITUTE GOODS OR SERVICES;
LOSS OF USE, DATA, OR PROFITS; OR BUSINESS INTERRUPTION) HOWEVER CAUSED AND ON
ANY THEORY OF LIABILITY, WHETHER IN CONTRACT, STRICT LIABILITY, OR TORT
(INCLUDING NEGLIGENCE OR OTHERWISE) ARISING IN ANY WAY OUT OF THE USE OF THIS
SOFTWARE, EVEN IF ADVISED OF THE POSSIBILITY OF SUCH DAMAGE.
*/

#include "wt_matrix.h"
#include <string.h>
#include <math.h>
#include <assert.h>

static uint16_t iwt_matrix_ref[52][3][2][64];
static uint16_t wt_matrix_ref[52][3][2][64];

void alloc_wmatrices(uint16_t* matrix[52][3][2][TR_SIZE_RANGE])
{
  uint16_t * start = (uint16_t*) malloc(52*3*2*TR_SIZE_RANGE*MAX_QUANT_SIZE*MAX_QUANT_SIZE*sizeof(uint16_t));
  uint16_t * current=start;
  int q, c, f, t;
  for (q=0; q<52; ++q) {
    for (c=0; c<3; ++c) {
      for (f=0; f<2; ++f) {
        for (t=0; t<TR_SIZE_RANGE; ++t) {
          matrix[q][c][f][t] = current;
          current += MAX_QUANT_SIZE*MAX_QUANT_SIZE;
        }
      }
    }
  }

}

void free_wmatrices(uint16_t* matrix[52][3][2][TR_SIZE_RANGE])
{
    free (&matrix[0][0][0][0][0]);
}

void make_wmatrices(uint16_t* wmatrix[52][3][2][TR_SIZE_RANGE], uint16_t* iwmatrix[52][3][2][TR_SIZE_RANGE])
{
  int c,f,t,i,j;
  int qp;
  int size,res;
  int xp,yp,xoff,yoff;
  int wt;
  int iwt;
  uint16_t* wm = NULL;
  uint16_t* iwm = NULL;
  uint16_t* wm8 = NULL;
  uint16_t* iwm8 = NULL;

  for (qp=0; qp<52; ++qp){
    for (c=0; c<3; ++c) {
      for (f=0; f<2; ++f) {
        wm8 = wt_matrix_ref[qp][c][f];
        iwm8 = iwt_matrix_ref[qp][c][f];
        for (t=0; t<TR_SIZE_RANGE; ++t) {

          if(wmatrix){
            wm = wmatrix[qp][c][f][t];
            memset(wm,0,sizeof(uint16_t)*MAX_QUANT_SIZE*MAX_QUANT_SIZE);
          }
          iwm = iwmatrix[qp][c][f][t];
          memset(iwm,0,sizeof(uint16_t)*MAX_QUANT_SIZE*MAX_QUANT_SIZE);

          size = 4<<t;
          res = size / 8;
          for (i=0; i<min(MAX_QUANT_SIZE, size); ++i) {
            for (j=0; j<min(MAX_QUANT_SIZE, size); ++j) {
              if (size == 4) {
                iwt = (iwm8[2*i*8+2*j]+iwm8[2*i*8+2*j+1]+iwm8[(2*i+1)*8+2*j]+iwm8[(2*i+1)*8+(2*j+1)]+2)/4;
                wt = (wm8[2*i*8+2*j]+wm8[2*i*8+2*j+1]+wm8[(2*i+1)*8+2*j]+wm8[(2*i+1)*8+(2*j+1)]+2)/4;
              } else if (size==8) {
                iwt = iwm8[i*8+j];
                wt = wm8[i*8+j];
              } else {
                xp = j/res;
                xoff = j%res;
                yp = i/res;
                yoff = i%res;
                iwt = ( iwm8[yp*8+xp]*(res-xoff)*(res-yoff) +
                    iwm8[8*min(yp+1,7)+xp]*(res-xoff)*yoff +
                    iwm8[8*yp+min(xp+1,7)]*xoff*(res-yoff)+
                    iwm8[8*min(yp+1,7)+min(xp+1,7)]*xoff*yoff+(res*res/2)) / (res*res);
                wt = ( wm8[yp*8+xp]*(res-xoff)*(res-yoff) +
                    wm8[8*min(yp+1,7)+xp]*(res-xoff)*yoff +
                    wm8[8*yp+min(xp+1,7)]*xoff*(res-yoff)+
                    wm8[8*min(yp+1,7)+min(xp+1,7)]*xoff*yoff+(res*res/2)) / (res*res);

              }
              iwm[i*MAX_QUANT_SIZE+j] = iwt;
              if (wmatrix)
                wm[i*MAX_QUANT_SIZE+j] = wt;
            }
          }
        }
      }
    }
  }
}

static uint16_t iwt_matrix_ref[52][3][2][64]=
{
  {
    {
      {
        256, 181, 199, 279, 414, 611, 889, 1270,
        181, 213, 202, 246, 337, 477, 676, 950,
        199, 202, 309, 380, 473, 618, 826, 1113,
        279, 246, 380, 536, 685, 858, 1090, 1402,
        414, 337, 473, 685, 923, 1175, 1465, 1827,
        611, 477, 618, 858, 1175, 1534, 1928, 2381,
        889, 676, 826, 1090, 1465, 1928, 2455, 3045,
        1270, 950, 1113, 1402, 1827, 2381, 3045, 3800,
      },
      {
        53, 37, 41, 57, 85, 126, 183, 261,
        37, 44, 42, 51, 69, 98, 139, 195,
        41, 42, 64, 78, 97, 127, 170, 229,
        57, 51, 78, 110, 141, 177, 224, 288,
        85, 69, 97, 141, 190, 242, 301, 376,
        126, 98, 127, 177, 242, 316, 397, 490,
        183, 139, 170, 224, 301, 397, 505, 626,
        261, 195, 229, 288, 376, 490, 626, 782,
      }
    },
    {
      {
        256, 199, 414, 425, 466, 545, 655, 795,
        199, 309, 403, 354, 368, 417, 491, 589,
        414, 403, 500, 477, 474, 510, 576, 669,
        425, 354, 477, 568, 610, 651, 714, 804,
        466, 368, 474, 610, 723, 808, 890, 987,
        545, 417, 510, 651, 808, 951, 1077, 1202,
        655, 491, 576, 714, 890, 1077, 1257, 1429,
        795, 589, 669, 804, 987, 1202, 1429, 1655,
      },
      {
        90, 70, 146, 150, 164, 192, 231, 280,
        70, 109, 142, 125, 129, 147, 173, 207,
        146, 142, 176, 168, 167, 180, 203, 236,
        150, 125, 168, 200, 215, 229, 251, 283,
        164, 129, 167, 215, 255, 285, 313, 348,
        192, 147, 180, 229, 285, 335, 379, 423,
        231, 173, 203, 251, 313, 379, 443, 503,
        280, 207, 236, 283, 348, 423, 503, 583,
      }
    },
    {
      {
        256, 199, 414, 470, 515, 602, 723, 879,
        199, 309, 445, 391, 406, 460, 542, 651,
        414, 445, 552, 527, 524, 563, 636, 739,
        470, 391, 527, 628, 674, 719, 789, 888,
        515, 406, 524, 674, 799, 893, 983, 1090,
        602, 460, 563, 719, 893, 1050, 1190, 1328,
        723, 542, 636, 789, 983, 1190, 1389, 1579,
        879, 651, 739, 888, 1090, 1328, 1579, 1829,
      },
      {
        82, 63, 132, 150, 164, 192, 231, 281,
        63, 99, 142, 125, 130, 147, 173, 208,
        132, 142, 176, 168, 167, 180, 203, 236,
        150, 125, 168, 200, 215, 230, 252, 284,
        164, 130, 167, 215, 255, 285, 314, 348,
        192, 147, 180, 230, 285, 335, 380, 424,
        231, 173, 203, 252, 314, 380, 443, 504,
        281, 208, 236, 284, 348, 424, 504, 584,
      }
    }
  },
  {
    {
      {
        256, 181, 199, 279, 414, 611, 889, 1270,
        181, 213, 202, 246, 337, 477, 676, 950,
        199, 202, 309, 380, 473, 618, 826, 1113,
        279, 246, 380, 536, 685, 858, 1090, 1402,
        414, 337, 473, 685, 923, 1175, 1465, 1827,
        611, 477, 618, 858, 1175, 1534, 1928, 2381,
        889, 676, 826, 1090, 1465, 1928, 2455, 3045,
        1270, 950, 1113, 1402, 1827, 2381, 3045, 3800,
      },
      {
        53, 37, 41, 57, 85, 126, 183, 261,
        37, 44, 42, 51, 69, 98, 139, 195,
        41, 42, 64, 78, 97, 127, 170, 229,
        57, 51, 78, 110, 141, 177, 224, 288,
        85, 69, 97, 141, 190, 242, 301, 376,
        126, 98, 127, 177, 242, 316, 397, 490,
        183, 139, 170, 224, 301, 397, 505, 626,
        261, 195, 229, 288, 376, 490, 626, 782,
      }
    },
    {
      {
        256, 199, 414, 425, 466, 545, 655, 795,
        199, 309, 403, 354, 368, 417, 491, 589,
        414, 403, 500, 477, 474, 510, 576, 669,
        425, 354, 477, 568, 610, 651, 714, 804,
        466, 368, 474, 610, 723, 808, 890, 987,
        545, 417, 510, 651, 808, 951, 1077, 1202,
        655, 491, 576, 714, 890, 1077, 1257, 1429,
        795, 589, 669, 804, 987, 1202, 1429, 1655,
      },
      {
        90, 70, 146, 150, 164, 192, 231, 280,
        70, 109, 142, 125, 129, 147, 173, 207,
        146, 142, 176, 168, 167, 180, 203, 236,
        150, 125, 168, 200, 215, 229, 251, 283,
        164, 129, 167, 215, 255, 285, 313, 348,
        192, 147, 180, 229, 285, 335, 379, 423,
        231, 173, 203, 251, 313, 379, 443, 503,
        280, 207, 236, 283, 348, 423, 503, 583,
      }
    },
    {
      {
        256, 199, 414, 470, 515, 602, 723, 879,
        199, 309, 445, 391, 406, 460, 542, 651,
        414, 445, 552, 527, 524, 563, 636, 739,
        470, 391, 527, 628, 674, 719, 789, 888,
        515, 406, 524, 674, 799, 893, 983, 1090,
        602, 460, 563, 719, 893, 1050, 1190, 1328,
        723, 542, 636, 789, 983, 1190, 1389, 1579,
        879, 651, 739, 888, 1090, 1328, 1579, 1829,
      },
      {
        82, 63, 132, 150, 164, 192, 231, 281,
        63, 99, 142, 125, 130, 147, 173, 208,
        132, 142, 176, 168, 167, 180, 203, 236,
        150, 125, 168, 200, 215, 230, 252, 284,
        164, 130, 167, 215, 255, 285, 314, 348,
        192, 147, 180, 230, 285, 335, 380, 424,
        231, 173, 203, 252, 314, 380, 443, 504,
        281, 208, 236, 284, 348, 424, 504, 584,
      }
    }
  },
  {
    {
      {
        256, 182, 200, 279, 409, 597, 853, 1188,
        182, 214, 203, 246, 335, 470, 658, 907,
        200, 203, 308, 376, 467, 603, 796, 1052,
        279, 246, 376, 526, 665, 825, 1031, 1301,
        409, 335, 467, 665, 883, 1106, 1354, 1651,
        597, 470, 603, 825, 1106, 1411, 1732, 2082,
        853, 658, 796, 1031, 1354, 1732, 2137, 2561,
        1188, 907, 1052, 1301, 1651, 2082, 2561, 3065,
      },
      {
        53, 37, 41, 57, 85, 126, 183, 261,
        37, 44, 42, 51, 69, 98, 139, 195,
        41, 42, 64, 78, 97, 127, 170, 229,
        57, 51, 78, 110, 141, 177, 224, 288,
        85, 69, 97, 141, 190, 242, 301, 376,
        126, 98, 127, 177, 242, 316, 397, 490,
        183, 139, 170, 224, 301, 397, 505, 626,
        261, 195, 229, 288, 376, 490, 626, 782,
      }
    },
    {
      {
        256, 199, 414, 425, 466, 545, 655, 795,
        199, 309, 403, 354, 368, 417, 491, 589,
        414, 403, 500, 477, 474, 510, 576, 669,
        425, 354, 477, 568, 610, 651, 714, 804,
        466, 368, 474, 610, 723, 808, 890, 987,
        545, 417, 510, 651, 808, 951, 1077, 1202,
        655, 491, 576, 714, 890, 1077, 1257, 1429,
        795, 589, 669, 804, 987, 1202, 1429, 1655,
      },
      {
        90, 70, 146, 150, 164, 192, 231, 280,
        70, 109, 142, 125, 129, 147, 173, 207,
        146, 142, 176, 168, 167, 180, 203, 236,
        150, 125, 168, 200, 215, 229, 251, 283,
        164, 129, 167, 215, 255, 285, 313, 348,
        192, 147, 180, 229, 285, 335, 379, 423,
        231, 173, 203, 251, 313, 379, 443, 503,
        280, 207, 236, 283, 348, 423, 503, 583,
      }
    },
    {
      {
        256, 199, 414, 470, 515, 602, 723, 879,
        199, 309, 445, 391, 406, 460, 542, 651,
        414, 445, 552, 527, 524, 563, 636, 739,
        470, 391, 527, 628, 674, 719, 789, 888,
        515, 406, 524, 674, 799, 893, 983, 1090,
        602, 460, 563, 719, 893, 1050, 1190, 1328,
        723, 542, 636, 789, 983, 1190, 1389, 1579,
        879, 651, 739, 888, 1090, 1328, 1579, 1829,
      },
      {
        82, 63, 132, 150, 164, 192, 231, 281,
        63, 99, 142, 125, 130, 147, 173, 208,
        132, 142, 176, 168, 167, 180, 203, 236,
        150, 125, 168, 200, 215, 230, 252, 284,
        164, 130, 167, 215, 255, 285, 314, 348,
        192, 147, 180, 230, 285, 335, 380, 424,
        231, 173, 203, 252, 314, 380, 443, 504,
        281, 208, 236, 284, 348, 424, 504, 584,
      }
    }
  },
  {
    {
      {
        256, 183, 200, 279, 405, 583, 818, 1115,
        183, 215, 204, 246, 333, 463, 640, 868,
        200, 204, 306, 373, 460, 589, 766, 996,
        279, 246, 373, 517, 647, 793, 978, 1212,
        405, 333, 460, 647, 846, 1043, 1257, 1503,
        583, 463, 589, 793, 1043, 1305, 1569, 1845,
        818, 640, 766, 978, 1257, 1569, 1887, 2203,
        1115, 868, 996, 1212, 1503, 1845, 2203, 2559,
      },
      {
        53, 37, 41, 57, 85, 126, 183, 261,
        37, 44, 42, 51, 69, 98, 139, 195,
        41, 42, 64, 78, 97, 127, 170, 229,
        57, 51, 78, 110, 141, 177, 224, 288,
        85, 69, 97, 141, 190, 242, 301, 376,
        126, 98, 127, 177, 242, 316, 397, 490,
        183, 139, 170, 224, 301, 397, 505, 626,
        261, 195, 229, 288, 376, 490, 626, 782,
      }
    },
    {
      {
        256, 199, 414, 425, 466, 545, 655, 795,
        199, 309, 403, 354, 368, 417, 491, 589,
        414, 403, 500, 477, 474, 510, 576, 669,
        425, 354, 477, 568, 610, 651, 714, 804,
        466, 368, 474, 610, 723, 808, 890, 987,
        545, 417, 510, 651, 808, 951, 1077, 1202,
        655, 491, 576, 714, 890, 1077, 1257, 1429,
        795, 589, 669, 804, 987, 1202, 1429, 1655,
      },
      {
        94, 73, 150, 154, 169, 196, 234, 283,
        73, 113, 146, 129, 134, 151, 177, 212,
        150, 146, 181, 172, 172, 184, 207, 239,
        154, 129, 172, 204, 219, 233, 255, 285,
        169, 134, 172, 219, 258, 287, 314, 347,
        196, 151, 184, 233, 287, 335, 377, 417,
        234, 177, 207, 255, 314, 377, 435, 490,
        283, 212, 239, 285, 347, 417, 490, 561,
      }
    },
    {
      {
        256, 199, 414, 470, 515, 602, 723, 879,
        199, 309, 445, 391, 406, 460, 542, 651,
        414, 445, 552, 527, 524, 563, 636, 739,
        470, 391, 527, 628, 674, 719, 789, 888,
        515, 406, 524, 674, 799, 893, 983, 1090,
        602, 460, 563, 719, 893, 1050, 1190, 1328,
        723, 542, 636, 789, 983, 1190, 1389, 1579,
        879, 651, 739, 888, 1090, 1328, 1579, 1829,
      },
      {
        85, 66, 137, 155, 169, 197, 235, 283,
        66, 102, 147, 129, 134, 152, 178, 212,
        137, 147, 181, 173, 172, 184, 208, 240,
        155, 129, 173, 205, 219, 234, 255, 286,
        169, 134, 172, 219, 258, 287, 315, 347,
        197, 152, 184, 234, 287, 335, 377, 418,
        235, 178, 208, 255, 315, 377, 436, 491,
        283, 212, 240, 286, 347, 418, 491, 561,
      }
    }
  },
  {
    {
      {
        256, 184, 201, 278, 401, 569, 786, 1049,
        184, 215, 205, 246, 331, 456, 622, 830,
        201, 205, 305, 370, 453, 575, 739, 945,
        278, 246, 370, 507, 629, 763, 929, 1132,
        401, 331, 453, 629, 811, 987, 1171, 1377,
        569, 456, 575, 763, 987, 1212, 1431, 1652,
        786, 622, 739, 929, 1171, 1431, 1685, 1928,
        1049, 830, 945, 1132, 1377, 1652, 1928, 2189,
      },
      {
        53, 37, 41, 57, 85, 126, 183, 261,
        37, 44, 42, 51, 69, 98, 139, 195,
        41, 42, 64, 78, 97, 127, 170, 229,
        57, 51, 78, 110, 141, 177, 224, 288,
        85, 69, 97, 141, 190, 242, 301, 376,
        126, 98, 127, 177, 242, 316, 397, 490,
        183, 139, 170, 224, 301, 397, 505, 626,
        261, 195, 229, 288, 376, 490, 626, 782,
      }
    },
    {
      {
        256, 199, 414, 425, 466, 545, 655, 795,
        199, 309, 403, 354, 368, 417, 491, 589,
        414, 403, 500, 477, 474, 510, 576, 669,
        425, 354, 477, 568, 610, 651, 714, 804,
        466, 368, 474, 610, 723, 808, 890, 987,
        545, 417, 510, 651, 808, 951, 1077, 1202,
        655, 491, 576, 714, 890, 1077, 1257, 1429,
        795, 589, 669, 804, 987, 1202, 1429, 1655,
      },
      {
        97, 76, 154, 159, 173, 200, 238, 284,
        76, 117, 151, 133, 138, 155, 182, 215,
        154, 151, 185, 177, 176, 188, 211, 243,
        159, 133, 177, 208, 223, 237, 258, 287,
        173, 138, 176, 223, 261, 289, 315, 346,
        200, 155, 188, 237, 289, 334, 374, 411,
        238, 182, 211, 258, 315, 374, 428, 478,
        284, 215, 243, 287, 346, 411, 478, 541,
      }
    },
    {
      {
        256, 199, 414, 470, 515, 602, 723, 879,
        199, 309, 445, 391, 406, 460, 542, 651,
        414, 445, 552, 527, 524, 563, 636, 739,
        470, 391, 527, 628, 674, 719, 789, 888,
        515, 406, 524, 674, 799, 893, 983, 1090,
        602, 460, 563, 719, 893, 1050, 1190, 1328,
        723, 542, 636, 789, 983, 1190, 1389, 1579,
        879, 651, 739, 888, 1090, 1328, 1579, 1829,
      },
      {
        89, 69, 141, 159, 173, 201, 238, 285,
        69, 106, 151, 134, 138, 156, 182, 216,
        141, 151, 185, 177, 176, 189, 212, 243,
        159, 134, 177, 209, 223, 237, 258, 288,
        173, 138, 176, 223, 261, 289, 315, 346,
        201, 156, 189, 237, 289, 335, 374, 412,
        238, 182, 212, 258, 315, 374, 428, 478,
        285, 216, 243, 288, 346, 412, 478, 541,
      }
    }
  },
  {
    {
      {
        256, 185, 202, 278, 396, 556, 755, 989,
        185, 216, 206, 246, 329, 449, 605, 795,
        202, 206, 304, 367, 446, 561, 713, 898,
        278, 246, 367, 497, 611, 734, 884, 1061,
        396, 329, 446, 611, 778, 934, 1094, 1269,
        556, 449, 561, 734, 934, 1130, 1313, 1493,
        755, 605, 713, 884, 1094, 1313, 1520, 1710,
        989, 795, 898, 1061, 1269, 1493, 1710, 1908,
      },
      {
        53, 37, 41, 57, 85, 126, 183, 261,
        37, 44, 42, 51, 69, 98, 139, 195,
        41, 42, 64, 78, 97, 127, 170, 229,
        57, 51, 78, 110, 141, 177, 224, 288,
        85, 69, 97, 141, 190, 242, 301, 376,
        126, 98, 127, 177, 242, 316, 397, 490,
        183, 139, 170, 224, 301, 397, 505, 626,
        261, 195, 229, 288, 376, 490, 626, 782,
      }
    },
    {
      {
        256, 199, 410, 421, 460, 536, 640, 771,
        199, 308, 400, 352, 365, 413, 484, 578,
        410, 400, 493, 471, 468, 502, 565, 654,
        421, 352, 471, 558, 598, 637, 695, 779,
        460, 365, 468, 598, 704, 783, 858, 947,
        536, 413, 502, 637, 783, 914, 1028, 1140,
        640, 484, 565, 695, 858, 1028, 1189, 1339,
        771, 578, 654, 779, 947, 1140, 1339, 1532,
      },
      {
        101, 79, 158, 163, 177, 204, 241, 286,
        79, 120, 155, 137, 142, 160, 186, 219,
        158, 155, 189, 181, 180, 192, 215, 246,
        163, 137, 181, 212, 226, 240, 260, 289,
        177, 142, 180, 226, 263, 290, 315, 344,
        204, 160, 192, 240, 290, 333, 370, 405,
        241, 186, 215, 260, 315, 370, 420, 466,
        286, 219, 246, 289, 344, 405, 466, 522,
      }
    },
    {
      {
        256, 199, 410, 465, 508, 591, 706, 850,
        199, 308, 441, 388, 403, 455, 534, 637,
        410, 441, 544, 519, 517, 554, 623, 720,
        465, 388, 519, 615, 659, 702, 767, 859,
        508, 403, 517, 659, 776, 863, 946, 1043,
        591, 455, 554, 702, 863, 1007, 1133, 1255,
        706, 534, 623, 767, 946, 1133, 1309, 1474,
        850, 637, 720, 859, 1043, 1255, 1474, 1686,
      },
      {
        92, 72, 145, 163, 178, 205, 242, 287,
        72, 110, 155, 138, 143, 160, 186, 220,
        145, 155, 189, 181, 181, 193, 215, 246,
        163, 138, 181, 213, 227, 240, 261, 289,
        178, 143, 181, 227, 264, 291, 316, 345,
        205, 160, 193, 240, 291, 334, 371, 406,
        242, 186, 215, 261, 316, 371, 421, 466,
        287, 220, 246, 289, 345, 406, 466, 522,
      }
    }
  },
  {
    {
      {
        256, 186, 203, 277, 392, 543, 726, 935,
        186, 217, 206, 247, 328, 442, 589, 763,
        203, 206, 303, 364, 440, 548, 688, 854,
        277, 247, 364, 488, 594, 707, 841, 997,
        392, 328, 440, 594, 747, 887, 1026, 1174,
        543, 442, 548, 707, 887, 1056, 1211, 1359,
        726, 589, 688, 841, 1026, 1211, 1381, 1533,
        935, 763, 854, 997, 1174, 1359, 1533, 1686,
      },
      {
        53, 37, 41, 57, 85, 126, 183, 261,
        37, 44, 42, 51, 69, 98, 139, 195,
        41, 42, 64, 78, 97, 127, 170, 229,
        57, 51, 78, 110, 141, 177, 224, 288,
        85, 69, 97, 141, 190, 242, 301, 376,
        126, 98, 127, 177, 242, 316, 397, 490,
        183, 139, 170, 224, 301, 397, 505, 626,
        261, 195, 229, 288, 376, 490, 626, 782,
      }
    },
    {
      {
        256, 200, 406, 417, 455, 527, 626, 748,
        200, 307, 396, 350, 363, 409, 478, 567,
        406, 396, 486, 465, 463, 495, 555, 638,
        417, 350, 465, 548, 586, 622, 678, 755,
        455, 363, 463, 586, 686, 759, 828, 909,
        527, 409, 495, 622, 759, 879, 983, 1082,
        626, 478, 555, 678, 828, 983, 1126, 1257,
        748, 567, 638, 755, 909, 1082, 1257, 1423,
      },
      {
        104, 82, 163, 167, 181, 208, 244, 287,
        82, 124, 159, 141, 146, 164, 190, 222,
        163, 159, 193, 185, 184, 196, 218, 248,
        167, 141, 185, 215, 229, 243, 262, 290,
        181, 146, 184, 229, 265, 291, 315, 342,
        208, 164, 196, 243, 291, 332, 367, 399,
        244, 190, 218, 262, 315, 367, 413, 455,
        287, 222, 248, 290, 342, 399, 455, 505,
      }
    },
    {
      {
        256, 200, 407, 459, 501, 580, 688, 823,
        200, 307, 436, 385, 400, 450, 526, 624,
        407, 436, 535, 512, 509, 545, 611, 702,
        459, 385, 512, 603, 645, 685, 745, 831,
        501, 400, 509, 645, 754, 835, 910, 999,
        580, 450, 545, 685, 835, 966, 1079, 1188,
        688, 526, 611, 745, 910, 1079, 1235, 1379,
        823, 624, 702, 831, 999, 1188, 1379, 1560,
      },
      {
        96, 75, 149, 168, 182, 209, 244, 288,
        75, 114, 160, 142, 147, 164, 190, 223,
        149, 160, 193, 185, 185, 197, 219, 249,
        168, 142, 185, 216, 230, 243, 263, 290,
        182, 147, 185, 230, 266, 292, 315, 343,
        209, 164, 197, 243, 292, 333, 367, 399,
        244, 190, 219, 263, 315, 367, 413, 454,
        288, 223, 249, 290, 343, 399, 454, 504,
      }
    }
  },
  {
    {
      {
        256, 187, 204, 277, 387, 530, 699, 885,
        187, 217, 207, 247, 326, 436, 573, 732,
        204, 207, 302, 360, 433, 535, 664, 814,
        277, 247, 360, 479, 578, 682, 802, 939,
        387, 326, 433, 578, 718, 842, 964, 1091,
        530, 436, 535, 682, 842, 990, 1122, 1245,
        699, 573, 664, 802, 964, 1122, 1263, 1386,
        885, 732, 814, 939, 1091, 1245, 1386, 1507,
      },
      {
        59, 42, 46, 65, 95, 138, 197, 275,
        42, 50, 47, 57, 78, 109, 152, 210,
        46, 47, 71, 87, 108, 140, 184, 244,
        65, 57, 87, 122, 154, 191, 239, 301,
        95, 78, 108, 154, 205, 256, 313, 382,
        138, 109, 140, 191, 256, 327, 401, 482,
        197, 152, 184, 239, 313, 401, 495, 593,
        275, 210, 244, 301, 382, 482, 593, 710,
      }
    },
    {
      {
        256, 201, 402, 413, 449, 518, 611, 726,
        201, 306, 393, 348, 360, 405, 471, 556,
        402, 393, 479, 459, 457, 488, 545, 623,
        413, 348, 459, 538, 574, 608, 660, 733,
        449, 360, 457, 574, 668, 736, 800, 874,
        518, 405, 488, 608, 736, 846, 940, 1029,
        611, 471, 545, 660, 800, 940, 1067, 1183,
        726, 556, 623, 733, 874, 1029, 1183, 1326,
      },
      {
        108, 85, 166, 171, 185, 211, 246, 288,
        85, 128, 163, 145, 150, 167, 193, 225,
        166, 163, 196, 188, 188, 199, 221, 251,
        171, 145, 188, 219, 232, 245, 264, 291,
        185, 150, 188, 232, 267, 292, 314, 340,
        211, 167, 199, 245, 292, 331, 363, 394,
        246, 193, 221, 264, 314, 363, 406, 444,
        288, 225, 251, 291, 340, 394, 444, 490,
      }
    },
    {
      {
        256, 201, 403, 454, 493, 569, 671, 796,
        201, 306, 432, 383, 396, 445, 518, 610,
        403, 432, 526, 504, 502, 536, 598, 684,
        454, 383, 504, 591, 630, 668, 724, 803,
        493, 396, 502, 630, 733, 807, 877, 957,
        569, 445, 536, 668, 807, 927, 1029, 1127,
        671, 518, 598, 724, 877, 1029, 1168, 1294,
        796, 610, 684, 803, 957, 1127, 1294, 1449,
      },
      {
        99, 78, 153, 172, 186, 212, 247, 289,
        78, 118, 164, 146, 151, 168, 194, 226,
        153, 164, 197, 189, 188, 200, 222, 251,
        172, 146, 189, 220, 233, 246, 265, 291,
        186, 151, 188, 233, 268, 292, 315, 341,
        212, 168, 200, 246, 292, 331, 364, 393,
        247, 194, 222, 265, 315, 364, 406, 443,
        289, 226, 251, 291, 341, 393, 443, 488,
      }
    }
  },
  {
    {
      {
        256, 188, 205, 276, 383, 518, 673, 839,
        188, 218, 208, 247, 324, 429, 558, 703,
        205, 208, 301, 357, 426, 522, 641, 776,
        276, 247, 357, 470, 562, 658, 766, 887,
        383, 324, 426, 562, 690, 802, 908, 1017,
        518, 429, 522, 658, 802, 931, 1044, 1147,
        673, 558, 641, 766, 908, 1044, 1161, 1262,
        839, 703, 776, 887, 1017, 1147, 1262, 1359,
      },
      {
        65, 47, 51, 71, 104, 149, 209, 285,
        47, 55, 52, 63, 85, 118, 164, 222,
        51, 52, 78, 95, 118, 151, 196, 255,
        71, 63, 95, 132, 165, 203, 250, 310,
        104, 85, 118, 165, 216, 267, 321, 385,
        149, 118, 151, 203, 267, 334, 401, 472,
        209, 164, 196, 250, 321, 401, 483, 564,
        285, 222, 255, 310, 385, 472, 564, 654,
      }
    },
    {
      {
        256, 202, 399, 409, 444, 510, 598, 704,
        202, 305, 389, 346, 358, 401, 465, 545,
        399, 389, 472, 453, 451, 480, 535, 609,
        409, 346, 453, 528, 562, 595, 643, 710,
        444, 358, 451, 562, 650, 714, 772, 840,
        510, 401, 480, 595, 714, 815, 900, 980,
        598, 465, 535, 643, 772, 900, 1014, 1115,
        704, 545, 609, 710, 840, 980, 1115, 1240,
      },
      {
        112, 88, 170, 174, 188, 214, 249, 289,
        88, 132, 167, 149, 154, 171, 197, 228,
        170, 167, 200, 192, 191, 203, 224, 253,
        174, 149, 192, 222, 235, 247, 266, 291,
        188, 154, 191, 235, 269, 292, 314, 338,
        214, 171, 203, 247, 292, 329, 360, 388,
        249, 197, 224, 266, 314, 360, 400, 434,
        289, 228, 253, 291, 338, 388, 434, 475,
      }
    },
    {
      {
        256, 201, 399, 448, 486, 558, 654, 770,
        201, 305, 427, 380, 393, 440, 510, 597,
        399, 427, 518, 496, 494, 527, 586, 667,
        448, 380, 496, 579, 616, 651, 704, 777,
        486, 393, 494, 616, 712, 781, 844, 918,
        558, 440, 527, 651, 781, 891, 983, 1069,
        654, 510, 586, 704, 844, 983, 1106, 1216,
        770, 597, 667, 777, 918, 1069, 1216, 1350,
      },
      {
        103, 81, 157, 175, 189, 215, 249, 289,
        81, 122, 168, 150, 155, 172, 198, 229,
        157, 168, 201, 193, 192, 204, 225, 254,
        175, 150, 193, 223, 236, 248, 267, 292,
        189, 155, 192, 236, 269, 293, 314, 339,
        215, 172, 204, 248, 293, 330, 360, 388,
        249, 198, 225, 267, 314, 360, 399, 433,
        289, 229, 254, 292, 339, 388, 433, 474,
      }
    }
  },
  {
    {
      {
        256, 189, 206, 276, 379, 506, 649, 797,
        189, 219, 209, 247, 322, 422, 543, 675,
        206, 209, 299, 354, 420, 510, 619, 741,
        276, 247, 354, 461, 547, 634, 732, 839,
        379, 322, 420, 547, 664, 764, 858, 951,
        506, 422, 510, 634, 764, 877, 974, 1061,
        649, 543, 619, 732, 858, 974, 1073, 1156,
        797, 675, 741, 839, 951, 1061, 1156, 1235,
      },
      {
        71, 51, 56, 78, 112, 159, 219, 293,
        51, 60, 57, 69, 92, 127, 174, 232,
        56, 57, 85, 103, 126, 160, 206, 264,
        78, 69, 103, 141, 175, 213, 259, 316,
        112, 92, 126, 175, 226, 275, 327, 384,
        159, 127, 160, 213, 275, 338, 399, 461,
        219, 174, 206, 259, 327, 399, 470, 538,
        293, 232, 264, 316, 384, 461, 538, 611,
      }
    },
    {
      {
        256, 202, 395, 405, 438, 501, 584, 683,
        202, 304, 386, 344, 356, 397, 458, 535,
        395, 386, 465, 447, 445, 473, 525, 594,
        405, 344, 447, 519, 551, 581, 627, 689,
        438, 356, 445, 551, 633, 692, 746, 807,
        501, 397, 473, 581, 692, 785, 862, 933,
        584, 458, 525, 627, 746, 862, 964, 1053,
        683, 535, 594, 689, 807, 933, 1053, 1161,
      },
      {
        115, 92, 174, 178, 192, 217, 251, 289,
        92, 136, 170, 153, 158, 175, 200, 231,
        174, 170, 203, 195, 195, 206, 227, 255,
        178, 153, 195, 225, 237, 250, 267, 291,
        192, 158, 195, 237, 270, 293, 313, 336,
        217, 175, 206, 250, 293, 328, 356, 382,
        251, 200, 227, 267, 313, 356, 393, 424,
        289, 231, 255, 291, 336, 382, 424, 461,
      }
    },
    {
      {
        256, 202, 396, 443, 479, 548, 638, 746,
        202, 304, 422, 377, 389, 435, 501, 585,
        396, 422, 509, 489, 487, 518, 574, 649,
        443, 377, 489, 567, 602, 635, 684, 752,
        479, 389, 487, 602, 691, 755, 813, 880,
        548, 435, 518, 635, 755, 856, 939, 1016,
        638, 501, 574, 684, 813, 939, 1049, 1145,
        746, 585, 649, 752, 880, 1016, 1145, 1261,
      },
      {
        106, 84, 161, 179, 193, 218, 252, 290,
        84, 125, 171, 154, 159, 176, 201, 232,
        161, 171, 204, 197, 196, 207, 228, 256,
        179, 154, 197, 226, 238, 250, 268, 292,
        193, 159, 196, 238, 271, 293, 314, 336,
        218, 176, 207, 250, 293, 328, 356, 382,
        252, 201, 228, 268, 314, 356, 392, 423,
        290, 232, 256, 292, 336, 382, 423, 460,
      }
    }
  },
  {
    {
      {
        256, 191, 207, 275, 374, 494, 625, 758,
        191, 220, 210, 247, 320, 416, 528, 649,
        207, 210, 298, 351, 413, 498, 599, 708,
        275, 247, 351, 452, 532, 612, 700, 795,
        374, 320, 413, 532, 639, 728, 811, 892,
        494, 416, 498, 612, 728, 828, 912, 985,
        625, 528, 599, 700, 811, 912, 995, 1065,
        758, 649, 708, 795, 892, 985, 1065, 1130,
      },
      {
        77, 56, 61, 84, 119, 168, 228, 298,
        56, 65, 62, 74, 99, 135, 183, 240,
        61, 62, 92, 111, 135, 169, 215, 271,
        84, 74, 111, 150, 184, 221, 266, 320,
        119, 99, 135, 184, 235, 282, 330, 383,
        168, 135, 169, 221, 282, 341, 396, 450,
        228, 183, 215, 266, 330, 396, 458, 516,
        298, 240, 271, 320, 383, 450, 516, 575,
      }
    },
    {
      {
        256, 203, 391, 400, 432, 492, 571, 663,
        203, 303, 382, 342, 353, 393, 452, 524,
        391, 382, 459, 441, 439, 466, 515, 580,
        400, 342, 441, 509, 539, 568, 610, 668,
        432, 353, 439, 539, 617, 671, 721, 777,
        492, 393, 466, 568, 671, 756, 826, 890,
        571, 452, 515, 610, 721, 826, 917, 996,
        663, 524, 580, 668, 777, 890, 996, 1091,
      },
      {
        119, 95, 178, 182, 195, 220, 252, 290,
        95, 139, 174, 156, 161, 179, 203, 234,
        178, 174, 206, 199, 198, 209, 230, 256,
        182, 156, 199, 227, 240, 251, 269, 292,
        195, 161, 198, 240, 271, 293, 312, 334,
        220, 179, 209, 251, 293, 326, 352, 376,
        252, 203, 230, 269, 312, 352, 386, 415,
        290, 234, 256, 292, 334, 376, 415, 449,
      }
    },
    {
      {
        256, 203, 392, 437, 472, 537, 622, 722,
        203, 303, 418, 374, 386, 430, 493, 572,
        392, 418, 501, 481, 479, 509, 562, 633,
        437, 374, 481, 556, 588, 619, 665, 728,
        472, 386, 479, 588, 672, 730, 784, 844,
        537, 430, 509, 619, 730, 822, 897, 966,
        622, 493, 562, 665, 784, 897, 995, 1080,
        722, 572, 633, 728, 844, 966, 1080, 1181,
      },
      {
        110, 88, 165, 183, 196, 221, 253, 290,
        88, 129, 175, 158, 162, 180, 205, 235,
        165, 175, 207, 200, 199, 210, 231, 257,
        183, 158, 200, 228, 241, 252, 269, 292,
        196, 162, 199, 241, 272, 293, 312, 334,
        221, 180, 210, 252, 293, 326, 352, 376,
        253, 205, 231, 269, 312, 352, 386, 414,
        290, 235, 257, 292, 334, 376, 414, 447,
      }
    }
  },
  {
    {
      {
        256, 192, 208, 275, 370, 483, 603, 721,
        192, 220, 211, 248, 318, 409, 514, 625,
        208, 211, 297, 347, 407, 486, 579, 678,
        275, 248, 347, 443, 518, 591, 671, 754,
        370, 318, 407, 518, 615, 696, 768, 839,
        483, 409, 486, 591, 696, 783, 856, 918,
        603, 514, 579, 671, 768, 856, 927, 985,
        721, 625, 678, 754, 839, 918, 985, 1039,
      },
      {
        83, 60, 66, 90, 127, 176, 235, 302,
        60, 70, 67, 80, 106, 143, 191, 247,
        66, 67, 98, 118, 142, 177, 222, 276,
        90, 80, 118, 158, 192, 229, 272, 323,
        127, 106, 142, 192, 242, 287, 332, 380,
        176, 143, 177, 229, 287, 342, 392, 440,
        235, 191, 222, 272, 332, 392, 447, 496,
        302, 247, 276, 323, 380, 440, 496, 545,
      }
    },
    {
      {
        256, 204, 387, 396, 427, 484, 557, 643,
        204, 302, 379, 339, 350, 389, 445, 514,
        387, 379, 452, 435, 433, 459, 505, 567,
        396, 339, 435, 500, 528, 555, 595, 648,
        427, 350, 433, 528, 600, 651, 696, 747,
        484, 389, 459, 555, 651, 729, 792, 850,
        557, 445, 505, 595, 696, 792, 874, 944,
        643, 514, 567, 648, 747, 850, 944, 1026,
      },
      {
        122, 98, 181, 185, 199, 223, 254, 290,
        98, 143, 178, 160, 165, 182, 207, 236,
        181, 178, 209, 202, 201, 212, 232, 258,
        185, 160, 202, 230, 242, 253, 270, 292,
        199, 165, 201, 242, 272, 293, 311, 331,
        223, 182, 212, 253, 293, 324, 349, 371,
        254, 207, 232, 270, 311, 349, 380, 406,
        290, 236, 258, 292, 331, 371, 406, 437,
      }
    },
    {
      {
        256, 204, 388, 432, 465, 527, 606, 699,
        204, 302, 413, 370, 382, 424, 485, 559,
        388, 413, 492, 474, 472, 500, 550, 616,
        432, 370, 474, 544, 575, 604, 646, 704,
        465, 382, 472, 575, 652, 707, 756, 811,
        527, 424, 500, 604, 707, 791, 858, 920,
        606, 485, 550, 646, 756, 858, 946, 1021,
        699, 559, 616, 704, 811, 920, 1021, 1108,
      },
      {
        113, 91, 169, 186, 200, 224, 255, 290,
        91, 133, 179, 161, 166, 183, 208, 237,
        169, 179, 211, 203, 202, 214, 233, 259,
        186, 161, 203, 231, 243, 254, 270, 292,
        200, 166, 202, 243, 273, 293, 311, 331,
        224, 183, 214, 254, 293, 324, 349, 370,
        255, 208, 233, 270, 311, 349, 379, 405,
        290, 237, 259, 292, 331, 370, 405, 435,
      }
    }
  },
  {
    {
      {
        256, 193, 209, 274, 366, 471, 582, 688,
        193, 221, 212, 248, 316, 403, 501, 602,
        209, 212, 296, 344, 401, 475, 560, 649,
        274, 248, 344, 435, 504, 571, 643, 717,
        366, 316, 401, 504, 593, 665, 729, 790,
        471, 403, 475, 571, 665, 742, 805, 859,
        582, 501, 560, 643, 729, 805, 866, 915,
        688, 602, 649, 717, 790, 859, 915, 960,
      },
      {
        88, 65, 70, 95, 134, 183, 241, 305,
        65, 75, 72, 85, 112, 150, 198, 253,
        70, 72, 104, 124, 149, 185, 229, 281,
        95, 85, 124, 165, 200, 235, 277, 324,
        134, 112, 149, 200, 248, 291, 333, 376,
        183, 150, 185, 235, 291, 342, 387, 430,
        241, 198, 229, 277, 333, 387, 436, 478,
        305, 253, 281, 324, 376, 430, 478, 520,
      }
    },
    {
      {
        256, 205, 383, 392, 421, 475, 544, 624,
        205, 301, 375, 337, 348, 385, 439, 504,
        383, 375, 445, 429, 427, 451, 495, 553,
        392, 337, 429, 490, 517, 542, 579, 629,
        421, 348, 427, 517, 584, 631, 673, 720,
        475, 385, 451, 542, 631, 703, 760, 812,
        544, 439, 495, 579, 673, 760, 833, 895,
        624, 504, 553, 629, 720, 812, 895, 968,
      },
      {
        126, 102, 185, 189, 202, 226, 256, 290,
        102, 147, 181, 164, 169, 186, 210, 238,
        185, 181, 212, 205, 204, 215, 234, 259,
        189, 164, 205, 232, 244, 255, 270, 291,
        202, 169, 204, 244, 273, 292, 310, 329,
        226, 186, 215, 255, 292, 322, 345, 366,
        256, 210, 234, 270, 310, 345, 374, 398,
        290, 238, 259, 291, 329, 366, 398, 426,
      }
    },
    {
      {
        256, 204, 385, 426, 458, 516, 591, 676,
        204, 301, 408, 367, 379, 419, 477, 547,
        385, 408, 484, 466, 464, 491, 538, 600,
        426, 367, 466, 533, 561, 588, 628, 681,
        458, 379, 464, 561, 634, 684, 729, 778,
        516, 419, 491, 588, 684, 760, 821, 877,
        591, 477, 538, 628, 729, 821, 900, 966,
        676, 547, 600, 681, 778, 877, 966, 1042,
      },
      {
        117, 94, 172, 190, 203, 227, 257, 290,
        94, 137, 182, 165, 170, 187, 211, 239,
        172, 182, 214, 206, 206, 216, 236, 260,
        190, 165, 206, 233, 245, 256, 271, 292,
        203, 170, 206, 245, 274, 293, 310, 329,
        227, 187, 216, 256, 293, 322, 345, 365,
        257, 211, 236, 271, 310, 345, 373, 397,
        290, 239, 260, 292, 329, 365, 397, 424,
      }
    }
  },
  {
    {
      {
        256, 194, 210, 274, 361, 460, 562, 656,
        194, 222, 213, 248, 314, 396, 488, 579,
        210, 213, 294, 341, 394, 463, 542, 622,
        274, 248, 341, 426, 491, 552, 616, 682,
        361, 314, 394, 491, 572, 636, 693, 746,
        460, 396, 463, 552, 636, 704, 759, 805,
        562, 488, 542, 616, 693, 759, 811, 853,
        656, 579, 622, 682, 746, 805, 853, 891,
      },
      {
        94, 69, 75, 101, 140, 190, 247, 307,
        69, 80, 76, 90, 119, 157, 204, 258,
        75, 76, 110, 131, 156, 191, 235, 284,
        101, 90, 131, 172, 206, 241, 281, 325,
        140, 119, 156, 206, 253, 294, 333, 373,
        190, 157, 191, 241, 294, 341, 382, 420,
        247, 204, 235, 281, 333, 382, 425, 462,
        307, 258, 284, 325, 373, 420, 462, 498,
      }
    },
    {
      {
        256, 206, 379, 387, 415, 467, 532, 606,
        206, 299, 371, 335, 345, 381, 432, 494,
        379, 371, 438, 423, 421, 444, 486, 540,
        387, 335, 423, 481, 506, 530, 564, 610,
        415, 345, 421, 506, 569, 612, 650, 693,
        467, 381, 444, 530, 612, 678, 729, 776,
        532, 432, 486, 564, 650, 729, 795, 850,
        606, 494, 540, 610, 693, 776, 850, 914,
      },
      {
        130, 105, 188, 192, 205, 228, 257, 289,
        105, 151, 185, 168, 172, 189, 212, 240,
        188, 185, 215, 208, 207, 218, 237, 261,
        192, 168, 208, 235, 246, 256, 271, 291,
        205, 172, 207, 246, 273, 292, 308, 326,
        228, 189, 218, 256, 292, 320, 341, 360,
        257, 212, 237, 271, 308, 341, 368, 390,
        289, 240, 261, 291, 326, 360, 390, 415,
      }
    },
    {
      {
        256, 205, 381, 421, 451, 506, 576, 655,
        205, 300, 403, 364, 375, 414, 469, 535,
        381, 403, 475, 459, 457, 482, 526, 584,
        421, 364, 459, 521, 548, 573, 610, 659,
        451, 375, 457, 548, 616, 662, 703, 748,
        506, 414, 482, 573, 662, 731, 787, 836,
        576, 469, 526, 610, 703, 787, 856, 915,
        655, 535, 584, 659, 748, 836, 915, 982,
      },
      {
        121, 98, 176, 193, 206, 229, 258, 290,
        98, 141, 186, 169, 174, 190, 214, 241,
        176, 186, 216, 209, 209, 219, 238, 261,
        193, 169, 209, 236, 247, 257, 272, 292,
        206, 174, 209, 247, 274, 292, 309, 326,
        229, 190, 219, 257, 292, 320, 341, 360,
        258, 214, 238, 272, 309, 341, 367, 389,
        290, 241, 261, 292, 326, 360, 389, 413,
      }
    }
  },
  {
    {
      {
        256, 196, 211, 273, 357, 450, 542, 627,
        196, 223, 214, 248, 311, 390, 475, 558,
        211, 214, 293, 337, 388, 452, 524, 596,
        273, 248, 337, 418, 478, 533, 591, 650,
        357, 311, 388, 478, 551, 609, 659, 706,
        450, 390, 452, 533, 609, 669, 717, 756,
        542, 475, 524, 591, 659, 717, 762, 797,
        627, 558, 596, 650, 706, 756, 797, 829,
      },
      {
        99, 73, 80, 107, 147, 196, 251, 309,
        73, 85, 81, 96, 125, 164, 210, 262,
        80, 81, 116, 137, 163, 198, 240, 287,
        107, 96, 137, 179, 212, 246, 284, 325,
        147, 125, 163, 212, 257, 296, 332, 369,
        196, 164, 198, 246, 296, 340, 377, 411,
        251, 210, 240, 284, 332, 377, 416, 448,
        309, 262, 287, 325, 369, 411, 448, 479,
      }
    },
    {
      {
        256, 207, 375, 383, 410, 458, 519, 588,
        207, 298, 368, 333, 343, 377, 426, 484,
        375, 368, 431, 417, 415, 437, 476, 527,
        383, 333, 417, 472, 495, 517, 549, 592,
        410, 343, 415, 495, 554, 594, 629, 668,
        458, 377, 437, 517, 594, 654, 701, 742,
        519, 426, 476, 549, 629, 701, 759, 808,
        588, 484, 527, 592, 668, 742, 808, 864,
      },
      {
        134, 109, 191, 195, 208, 230, 258, 289,
        109, 154, 188, 171, 176, 192, 215, 242,
        191, 188, 218, 211, 210, 221, 239, 262,
        195, 171, 211, 237, 247, 257, 272, 291,
        208, 176, 210, 247, 274, 291, 307, 323,
